1
2
3
4
5
188230615090954242
7
6
8
10
9
14
15
20230207160549391
19
188230615122608149
21
20211121095344153
188230403111747613
30
188230419205226526
34
36
40
42
20220322113749039
188230702074134576
20220820171653169
188230626140946486
188230702135246911
18823062614114369
188230515074334789
20230322104926282
79
80
188230626104934485
188230625085030488
90
188230628104437856
188230529165328482
188230603095343208
20230314162651249
188230627212853378
20211209164554372
188230621102309509
188230607112929414
188230628144644234
143
20220214142632081
149
151
188230521193726109
1882305242300579
188230618070614181
188230630084313291
188230617092948175
20230206212243669
20220801140752598
188230502184517854
188230624073941232
20150621163618549
188230629102715133
188230702074855682
18823060719534338
18823042514354438
20221110065332488
188230421085913356
188230628183802129
188230630064128279
188230612202848535
188230624104841523
20230215134511414
188230627174940994
20211021234504002
188230625074708831
188230327215227233
188230629160321382
20181130161455463
188230629162811759
188230628084154738
188230628141433207
20201013191803256
20210623105040762
188230624135020936
188230403024421262
188230624092357015
188230623203951001
18823062818390426
18823051615011232
188230622111728052
20220826105512374
18823062808461765
20220107221107153
188230627085124067
188230629195743726
18823063013032431
188230619192230389
188230626214543868
20220206233223678
188230419154338317
188230614180037141
188230623173935637
20230114104443425
188230504105345573
188230627144958512
20230308193042993
188230629075714628
20211117162332741
188230617161302611
188230606093058649
188230702124106332
20210518073737833
20160412140110451
188230629153342073
188230626140357242
20210530073805434
188230608114713219
658
188230629114544791
188230621091431065
188230629145838236
188230629135942304
673
674
20180511093555882
2014082422044132012
698
704
707
2015082517430988
20220522204857037
723
725
726
728
729
188230504161346264
732
735
736
18823061709030113
738
188230701081559779
739
188230608062055139
742
20180211075056359
188230515175359208
745
744
747
188230701143032556
748
750
746
751
188230625202537215
188230328085545741
188230629101732623
20211026083840791
20221219174449974
188230623100207926
20220721145512761
2022010116440916
20190111093752668
188230623134556
188230702091305828
188230608113730407
20220629112226665
188230628065346412
188230426070745967
188230626092319599
188230414145028981
188230621101818741
188230620145353591
188230615090922366
188230427170046856
20210828090213263
188230629103535005
20200812101141419
20230121142125486
20211117161710518
20200908081038265
188230629194040259
20200728082842565
188230630121538503
188230629134730189
188230630161417169
188230602100245473
188230418084725739
18823061618230257
188230701111903232
188230421225014277
1882306161411078
188230627101246471
2022060117230605
20230302150558736
188230621195437072
188230701182649364
20221026065351707
188230624150520861
188230604183536685
18823062308521015
2023011117073464
20211028164248642
188230625114522707
188230616074355799
188230529110213734
20190322111841382
188230618110035055
20230320153232505
188230613145453692
188230622141514877
188230417085105285
188230615085810824
188230602103555211
188230617112806545
20220118093300883
188230701153911957
188230502095946901
188230622140105883
1883042121460516015
188230420093830321
188230627165308082
188230625215612086
188230422213625016
18823061304444103
188230630125536463
188230623072617687
188230518112814296
188230627194537179
188230420134823136
20220628084458724
188230623085724904
188230629070046446
20230318211728629
188230521072256249
188230630214632711
188230701154403595
2021060212032805
20230207104353578
188230629081613613
2013072615192692020
188230622090626366
188230701120357695
188230621070329154
188230608090203459
188230622172251467
18823061315061072
188230621104702813
18823060214515043
188230701065307494
188230629101634919
188230615073719661
188230623133140338
188230627173631348
188230627111929206
188230428101838199
188230427095106946
188230428112520583
188230524084749706
188230626120304012
188230626175649167
20170413113738641
20220822094022036
20211109232248213
188230624070043031
188230622114710942
188230617112216996
20220725135738277
20210106155959727
1882306231338417
188230612181714362
188230620195915196
188230624164414913
188230424105616847
20230314203252179
20210709220427219
188230518112847318
188230627181757912
188230505102018014
20190727095059937
188230625124353507
18823053015254501
18823051807065579
188230403111814646
188230613203355128
188230629142922751
188230612165232141
188230509211911701
188230413135611432
188230630123013673
188230628090807853
188230614060828207
188230629070046771
188230626063746616
20220527170029112
188230406203901512
188230702075414118
188230607012955756
188230629090657912
188230629134337657
188230623071012475
2023011009103489
188230702102152841
188230628065019537
20191102162437783
188230701014451878
188230626063222455
188230628101228237
188230515220448975
188230628101916369
188230630100731606
188230613090404056
188230629171824348
2022111617484516
20220906170255091
188230702161037049
188230623195432706
188230602070329095
188230505101231883
188230426083755796
188230627150530325
20211116112709397
188230413070239513
188230701095716646
188230327070132022
188230702075316024
188230629200037705
188230630132647772
20191001141151581
188230620125235037
188230619115325287
188230628071507817
188230625075201899
188230627085551476
188230517171849077
188230629225957272
188230629152753571
188230606074709951
188230628072818625
188230516133300162
20180412111325132
188230629151147984
188230629150328785
20211127075932113
2022
2023
20180211005327343
188230624153700357
188230620054554631
188230701061900296
188230329092016138
20220624115009554
188230428162623517
188230626100021279
20221231213217843
188230614081112125
188230626201536576
18823051620354114
20220711212943439
20230202164152405
18823062415411303
18823062809020525
188230612140656749
188230610074306671
188230626141505649
188230629150918774
20220506091620475
188230628084254845
18823062706555013
188230508224743558
20220301174147228
188230626140719262
188230629161011374
188230402135722166
188230623101618358
188230630082349251
1882306231011535
188230626161002707
188230505084258525
188230629143152862
188230621174335711
188230626145241315
188230605081643242
188230629150623982
188230628145826035
20111027095931133
188230630153324802
188230421075101957
188230701071927566
188230623185144096
20211015164528935
188230701134547242
188230611152111914
188230620151613744
20210730180151603
18823050910402873
188230626103920957
20230215103252799
188230627144403263
188230625150634311
188230603082238282
188230702131906895
188230605193840986
188230623150836062
188230510074825055
188230606103710047
20210519163111791
188230624100419959
188230624160811384
20220830080338296
188230518142241157
188230627101804942
20221215123114386
188230701150243224
188230627075000729
188230515062802846
20230216135248288
188230409222818218
20211106113227183
188230628173515191
188230628183706051
188230618132056525
188230627151120847
188230623210703321
188230627092040154
188230630134024668
188230617145608681
188230531142355449
188230510151535107
20210414144424455
188230629110221328
188230622220913172
188230616204413469
188230525161835042
188230408074856994
188230622071917095
188230629195909672
188230629213014573
20220717164300855
18823060420364858
188230614112438849
20150807142632003
188230428140341838
188230603165633112
188230622161144413
188230620084537953
188230624194824813
188230623190026871
188230620094106232
188230426143230584
20221004083333755
188230622214457983
188230629063330433
188230511112751789
188230507110501037
188230623165319853
20150126175718071
20221215150705338
20211221190412987
188230622095444698
188230526171744989
20221205100956384
188230425175755493
188230608093448946
188230412073011957
188230426100501252
20210803234802437
20210401113541383
188230702074202889
188230415150549777
188230524110408466
188230428072545044
188230629114350375
188230621111159595
188230515162417967
18823051716201286
188230626153859911
188230628143434568
188230629110614883
188230701080906597
2022120314080103
18823062420130665
188230630180326254
188230625195756404
20230319094205304
188230629102848893
188230615142042496
188230619103300487
188230630135401355
20221220174039964
188230617113136034
188230618152012709
2014061009171319719
188230624150031278
2023020314332091
188230501105830854
188230615070313421
188230622072540119
188230615102032856
188230615181134815
188230623224728548
2021041511402477
188230702102744047
20190408213138419
20230201155947511
188230403170536441
188230615080307712
188230606160923653
188230702141213708
201312271015578637
188230522150751248
188230515084233746
188230606084606997
188230603073326108
188230624092916774
188230620115242025
188230603155409971
20220504152247364
2022050411580493
188230607134952529
18823052515085401
188230608144141408
2023021117082725
1882304281021542
20200510111616107
188230629090233459
20220606142254205
18823062615592067
188230602095430789
188230628151659662
188230616083139752
188230507020356777
188230625165446317
188230628163849392
20221206103657648
20230309135223991
188230628134554811
188230623092214976
188230628104637642
188230626092223693
188230623090117837
188230629150854361
188230627101510878
188230620152958183
188230701132319983
188230626235845873
188230630093655293
18823062711471357
18823062916173059
188230629091249412
20221101104303364
188230628064431389
188230425150655774
188230627085421863
188230624095604018
188230329073012032
188230622224125255
20171114172550471
20230202135842122
18823062814100811
188230623210114382
1882306231045454
188230626110836055
188230628074917208
20210515120459099
2022020618161503
20220822212906337
188230514202152303
188230512112504175
188230627141455216
20230204101037423
2014080815141916019
188230627150302581
2014050617253105014
188230623134649727
20230102081932676
188230702213008777
20230323080400266
188230624152718733
20230319141555598
188230614112931233
188230626110934435
188230628071935403
188230406120705459
20180806105009592
1883040917414809018
20210926084033989
188230701111840201
188230627083259339
188230628145204703
188230628185705954
1881312281806081508
188230622172909044
1882306151026166
188230405225614851
20220915105926676
188230617071128091
188230627164524063
188230701202116137
20210924154818091
188230629135846959
188230626084458033
20220113222143537
188230622083223089
188230627164720704
188230629082238553
18823062016101979
188230617060806242
188230427220840042
188230625074712175
188230630133927558
188230622153707145
188230628070755991
743
188230624124243623
2022092619583151
20230215164628683
2023030819262155
188230627143257812
188230612192333526
188230323160944352
188230629073129192
188230519224110826
188230627092041451
188230702103006968
188230627172650745
18823043009220344
188230428093452028
188230630195826434
188230502232657671
188230630074126093
20170713094524689
188230613161021201
20220228071526171
188230627140210476
188230528165056308
188230629205905221
20191230092054342
188230601195032392
188230601065828169
188230524074921814
1882012121509334883
188230628090220387
188230623164731237
188230629161013103
20181018102828924
188230627102658429
20150515143839618
20220326110728069
20220606162145163
188230606090145684
188230613211025301
188230626093633433
188230701093916574
1882305172148127
188230516070453156
188230628165816235
188230515225759665
188230630215258041
20230316230152123
20230108234420163
188230626110934984
188230330143543246
2023022009192399
188230528201330647
188230702155304921
188230420091342809
188230627081949155
188230623144218602
188230618202410987
188230615062155246
188230524151107574
20210422100135927
188230630001709051
188230630103158783
20180305092055041
188230628113649667
188230628071313419
188230624174346253
188230602070659094
188230624151736343
188230529110544408
18823062909063199
18823062714421282
20230314140930098
20170610080223295
188230629161046081
188230530091716691
188230331120324692
188230624094326873
20220923112853616
20160108092100728
188230621100806279
188230609111126164
188230530065928344
188230523105317016
188230702084329626
188230701095227554
20201202160406697
188230627213611185
188230622224945336
18823061609124033
20221210101616833
188230611092148423
188230625192448211
188230626113949913
18823062812201185
18823061019431148
188230622145122543
188230429132034288
188230627135033585
188230508071325939
188230616065609974
188230630154801407
201410091645079807
20230115094040853
188230619140133143
2018040920150299
188230629083320621
188230702151405887
1882305241551173
188230623170335049
20200929165545803
188230626094158158
188230628214608219
188230630070522204
188230630072422753
188230702093537636
188230521193927016
188230627095941484
188230625200607604
188230627165147519
188230629205709185
188230616063349121
188230418174316936
188230617083613578
18823061107184013
188230702135021974
2022072116384156
188230630064427429
20230310102012325
20161125184410023
188230403152023982
20221106143302067
188230530224558525
188230620104528318
188230423082537409
188230629154951643
188230621163000291
188230701111644644
188230515162419685
20220111142359529
188230622222848492
188230625082020334
20221214154822128
188230613065011712
188230625105744388
188230625162301963
188230701195334167
188230625151455769
20200904093110827
188230701080842809
188230515161535033
188230528080155196
188230525005206077
20230316144005702
188230408101532234
188230628101821007
188230522070045269
188230405075505754
188230623233544795
188230623101129313
188230401082757733
20221025101910641
188230607201243763
188230626135511668
18823070212100734
18823062420263552
2018011115065984
188230505083343488
188230417144255118
188230701080613532
188230614091731619
188230506160001708
188230618065048252
188230603150824127
188230629200827081
188230630134846153
2021031916344018
188230516202017505
20200111172719345
18823060817580806
20230228173001478
188230614222639885
188230421102957336
188230624194302748
20201204140053276
188230702090720031
188230625084642084
188230628104114989
188230430075851566
188230609170043702
188230507083928375
20221214095643464
20160229113631572
20230216082821974
20221002204353367
18823061713523547
188230601141031783
188230630084219754
20201029102801772
188230629151708021
2022112610423687
188230629095314312
188230620190643088
188230626100712339
188230621063713686
188230525065630619
188230622212821918
188230530091127715
188230628092154793
188230701140448171
188230528072651693
188230625143231408
18823063015101366
20200322135724984
18823060919423935
188230701081334721
18823063010055107
188230622152201159
188230701142447063
20220921064100826
188230617105634271
20230319192544223
188230602082620387
188230328104555492
188230530114327528
188230421143327723
188230509090640882
2017081617224696
188230702133613562
20211203111752704
188230505075151875
18823052212474884
188230702083806228
188230628200027157
188230606090212375
188230623104046104
188230517102810141
188230623080256544
188230516152144935
188230630082352172
188230608101348399
188230629124117558
188230629204300858
188230629085811785
188230613173703759
188230629101835357
188230627085620317
20220325124510823
20201118170027112
188230624141120626
188230324161123445
188230630111122558
188230627145847935
20221215021405317
20230223124403336
188230612093342867
188230628222833812
188230701110924446
188230629075457192
20230320092746924
188230621201601709
188230630144218291
188230606134252724
20210330162336971
188230530113213644
188230527121855697
188230614095303893
188230602165458134
188230616144450779
188230626235618528
188230625133925601
188230504194020585
188230629075031275
188230628154905836
188230625085232365
188230624143709423
20220716073358582
20190409080542454
20230313175028986
188230616171943169
188230701110203663
188230526160639273
188230627151910185
188230623134127405
18823062512473391
188230625164432705
188230616175023428
188230526082913622
188230609135605082
188230617195746651
20230307172226398
20230215143658852
188230625171019108
188230624155506029
188230629202007418
20211227113526656
188230628135802246
18823062916142473
188230619151832457
20220819192845705
188230627141424545
188230622183200163
20230316173202853
18823050223293865
188230426155750829
20221227152610736
188230628073510328
188230626070238654
188230420070503873
188230627063305668
18823070118221257
188230612134532563
188230411191948761
20230302141421018
188230616172041693
20170220070049249
188230625210209772
188230514220406254
188230403203700213
188230701113153035
188230607085344267
20230202200921657
188230422081410632
188230624162518604
188230611162928717
188230624110548563
188230529061525077
188230623133800028
2022062414534238
188230531100219007
188230621074232961
188230701064754823
188230630063838857
188230630094837392
20230318132336279
18823050110572187
20170521215309473
20200527161300655
18823042307462838
188230621114635963
188230629141616328
188230513135720143
20220905230735059
188230523091949273
188230627081754333
188230629144827619
188230628183054051
188230623114204904
188230519144814324
20220902195009271
188230629160916729
188230619113428729
20220317153335041
188230517190104838
188230625144411912
188230702084921103
188230702092424975
20220422101145362
20200201104430871
18823062809450267
188230624095049501
20220301154948897
188230412111320886
188230626214352696
188230628142356294
188230616235317063
188230620152305482
20221116200130381
188230412090349393
2022052609103715
188230414093555584
18823063014250383
188230628152317842
188230623102932884
188230626113001375
188230619143935906
188230427154847655
188230701090838446
188230702083217347
18823062908180427
188230507215001551
188230628105230307
18823062807091177
188230630143039467
188230626231031788
188230630064855029
18823062916241397
18823062518110197
20230303224731643
188230522145413119
188230630212442112
188230611055646721
188230608105707536
188230623200122899
188230622224324631
188230629155248153
188230420230740023
188230624225728572
1882306272106581
188230630150903903
188230518190938208
188230628143306849
20230303160604769
20230125110827107
188230624113006695
188230516223219823
188230630085400699
188230616165455996
20230311085250686
188230627085129862
188230525085849735
20221202155509898
1882306261522597
188230625193433254
188230614184958118
188230630133700779
188230626063554737
188230624114743476
20210808074705078
188230629091350713
188230625101519043
188230407113349317
20230318093048006
20221113092020426
188230506091616461
20230208161323216
188230629163931862
18823053110024409
188230401145608412
188230628102215909
2023020115335397
20200923170248943
20220105165838581
188230701091657974
188230628112800008
18823063009433865
20211209150306572
188230516170430735
20221119114451233
188230619152357666
20210916122106147
188230629070903588
2023032009234736
20200622091606328
188230628213725512
188230628170045778
18823062708230496
188230701110237538
188230616150251875
20230117132114276
188230528213424484
188230625180621165
20220825094134126
188230330102618483
20220429170940291
20220714143422863
20221218080627102
188230702084659617
20230315143502247
188230612200036784
188230516142414258
188230529140922804
20230317223516608
20211222154615237
188230623172729293
188230403095927255
188230622195653082
188230607213042138
20230216064014816
188230513082407398
20230202230348269
188230601144048109
188230630105225713
188230524171917816
188230626090850812
188230621065615874
2017071408552458
188230627064158734
188230629194439189
188230701105453599
188230624173922854
188230531180436011
188230702123915831
188230624121002553
20210319143443004
18823063014185546
188230702093802059
188230702064212569
188230628073151071
18823062707182181
188230626175425151
188230623212935814
188230615151614608
188230416075922085
188230629110225578
188230626144000685
188230626154355383
188230626165103298
18823070209120971
20150317091625677
188230628151106259
20210921101400806
188230630094707432
188230628105919228
2023011108035325
188230605064608511
188230628154055427
18823052118072071
188230408082758426
20220915083123498
188230626172640046
188230618211654472
20230320142523228
188230624094722913
188230620170525568
188230627171605379
188230630080158601
188230628152515467
188230523063606155
20230324082318227
188230426151656341
20210723170458524
188230630110927776
2021101811145646
188230625101323183
188230523093457844
188230504140643282
20200427103951828
188230522013522903
188230621140229079
201411110035594201
18823062915324904
20181012152556537
188230605223828488
188230601204341783
188230616135244828
2021101517315101
1884010217194396710
188230629135424551
188230623233514535
188230630092151871
188230628222704719
188230628162149456
20230225074003029
18823062610091095
188230630153657441
20211114154826856
20230312111152235
2022050908380276
188230630155132032
188230615070743683
20230217073040522
188230331152735373
188230414190320783
188230603092008081
18823061614271636
20220912154516633
188230627194150053
188230627153845419
188230627091651758
188230428103843012
188230625083137224
188230622090632399
188230430185200871
20201204094409964
18823062913424625
188230627144113399
20230307130711297
20200821093342466
188230626093931791
188230527072738597
188230702075551024
188230621090913594
188230702134041917
188230628170243393
188230701081337159
20170216090836297
20201115144101193
18823060113530188
188230614212156748
2022051409304913
20221222210444626
20230317132914005
20220609063656795
2022072620490099
188230626205736313
18823070116584833
188230628135017859
188230521122200968
188230628205206925
188230622064909713
2022100319444381
188230629195324837
188230516191141291
188230628111916466
20210311184326073
188230620154404287
188230701183442376
20220410213440972
188230615174028753
188230618154540502
188230428150603223
188230624175103454
188230701091954143
188230425150430688
188230610163932645
188230519224311273
188230531151011318
18823070216592888
188230625160601088
20230124084207105
188230616090844676
18823063008124431
18823062211075643
20220921101917762
188230612135321168
188230702131453521
188230628082425429
188230624222027368
20230309211643502
188230625084350066
20221215203827317
188230615162625658
188230522131127938
188230330074504836
20221125134720648
188230619164122762
188230626202459792
188230629072051857
20181018120003221
188230624145153686
188230627222003355
188230409150701213
20220521103204002
188230626162548398
188230518175243966
188230530160303811
188230518034407112
188230524120014542
188230626160615125
188230627082903259
188230630192750302
188230627084017379
188230618100440804
1881307161743040233
188230620213419764
188230627110756087
188230409150439178
20220828204048144
188230504193728273
18823062414434069
20170921214844694
188230610163048225
2014100914150678318
188230630135439153
188230524151209779
20191117190438709
188230618074357569
20180202111311682
188230629091548997
188230527075557195
188230630213623644
1882305062117229
188230626111954797
20220729063841648
188230624154427266
188230613184159625
188230701074521998
188230506122616731
188230507175747488
20211001142452129
20200201150635949
18823051620163506
20230208134422457
188230622064549823
188230522172121036
20230304091414483
1882306261721052
188230509105520612
18823061812125675
20230218074857452
18823052919513068
188230615134609408
2021122922160155
188230702155603997
188230627204309023
188230702082039851
1882306241044526
188230619150950456
188230625080844365
201906030846033
188230628141703269
18823062919094379
20230318205149298
188230623160606843
188230427104026749
188230701111255167
188230629135458457
20220627083010201
188230628111556762
188230615172915365
188230629111210152
188230614200328382
20230124134834367
188230623134032064
188230701072523459
18823062809321669
20220426095501514
20220501204312273
188230627213353174
188230617142206681
20220730101801177
188230624154722521
188230614145638643
188230702063853818
20221105102823687
188230629135032588
188230630151954703
20230227143827753
20190524122505525
188230531110150457
188230330200006981
188230627134120274
188230628171424086
188230331114824025
20230307093913969
188230508202008946
188230627082117502
188230628070400396
20220627090317708
188230614113657233
188230626145345956
2022042513285542
18823062222021049
188230629161542074
20230322150547902
20230213154841028
20210830092509641
20190726103704015
20210914164646359
188230620171346396
188230701100311005
20191028091822562
188230523151557103
188230506112852465
188230628071743992
188230428104139259
188230628213400063
188230630135243264
188230623210119679
188230417080033794
20230320194724375
188230517124145687
188230426182558247
188230612054450731
188230629160526383
188230628133642801
18823052216214069
188230627160629814
20230321102037559
20230129123729976
188230623095300669
188230617105506879
20230122074710595
188230613224956492
188230622185333324
188230530162500177
188230622195458644
2013123115011973719
188230622100038233
188230508111929946
188230604204810851
188230627154338419
188230630210511477
20221002094617209
188230630155854462
188230607230050944
188230610075624067
18823050914570902
188230630101033639
188230623093105319
188230702065525421
18823062010241711
188230621083411121
188230503163536054
188230411135230649
188230630070952639
188230607100715711
188230628151435969
20221211160257216
20220922152428236
188230701103227599
20220302192354026
188230613234328318
188230609151959811
20210628100629257
18823060616061721
188230627185632029
20230314184942369
188230516100834087
188230602143933224
188230628070630185
188230607084856106
20230225061749552
188230422095536947
188230618104210231
20221230083220284
20230114091541309
20230317084812096
188230426143236936
188230606115840848
188230519100253018
18823062807192433
188230630092415867
2022012015453054
18823062408504194
188230629195129731
20220810152223618
188230627090342811
20230222102602667
20211115140621235
188230628151206836
188230628135019478
188230608073040855
20230117145650163
188230628135937013
188230701180134409
188230702074536969
188230702092952602
18823051509441565
188230623070135333
20230314224133173
188230624095020085
188230629142242359
188230629100135481
188230627113215033
188230612202824768
188230618195305553
188230329152906328
188230418095514714
20210209144054882
188230429104710788
188230601102402695
188230330194306185
188230405075739788
188230613063017629
188230623201240223
188230518110626975
188230623154349217
188230620094506152
188230609230242992
188230515070346421
188230426160637121
188230601133302998
188230525155353819
188230507072005341
188230702195123422
188230628165526751
188230628174210271
20220524152104169
188230506180027649
20230214134539524
188230624201745668
20161116172035335
188230606094738718
188230628133217591
188230615164953916
188230701065741636
1882306242225477
188230523213653324
188230626155144525
18823050319144271
188230413094724946
20200221162546516
20221009223427415
188230626202101085
188230518100108653
188230627153618288
188230520090043786
188230613150311827
188230524000249235
20200331110131096
188230629142537625
20230214191228315
188230508201420189
188230403082724765
188230623072822703
20220304104957363
1882306300913078
188230701090842039
188230621174408631
188230624084010458
20221216203417051
188230616092714478
188230616145143279
188230619191715314
18823062611305977
188230614093932065
188230609211827747
188230701164537409
188230325160355402
188230629200242264
188230628144948829
188230419131115107
188230616103233139
20220830075954826
188230626213439117
188230628000933518
20230211172214414
188230624095217298
20190816112617109
188230529141941909
188230616094025374
188230701071148706
20150526173816484
20221026230412967
20211115130824359
188230516151527083
188230429081839277
188230628203931318
18823050114344633
188230530152834754
20220222141408964
188230629105903326
188230615144539887
188230626094524152
20220720143148792
18823062508250874
20220718093739779
188230627195037445
188230623153923846
20230315204421387
18823050909001492
188230630192555809
188230625162536739
188230613100701482
188230627194349357
188230629115406129
20191029164746546
188230630173943615
188230621170116419
2020111319443274
188230701112633173
20220625083115353
188230630063023964
20220925103253369
188230524161828731
188230623165622151
20230314101450637
188230417071024016
20211123110225816
188230628065159079
2013112517504772014
188230629160724399
188230628191250355
188230701102835639
20200624161531839
188230630095333315
188230629144242116
188230627091130307
188230618214803398
188230623154120654
188230515132409826
20220613023311849
188230612000057323
188230626110515182
188230702221535229
188230329090320383
1882306281646088
188230701063546893
20230302183729165
188230403233458199
188230628220839962
188230701110011944
188230627084740657
188230513093519421
18823070214105154
188230610194016322
188230701092317268
188230619064412249
188230516100114527
188230628112148577
20230310211725412
20220307080947835
188230430135625852
20220421163559038
18823062721144962
188230428134516867
188230602104154245
20210517172136069
188230702075619473
20150513202243739
188230402154309807
18823062611110068
20221215150549187
188230618121709769
188230629085358284
20171125195450587
188230629204633823
188230601111251168
188230622155155686
188230702095313133
188230512064145647
20230130072627467
188230626065557772
188230701182822671
188230525103057167
20220830194313499
188230609135708457
20221018163521833
188230628153731391
188230627202115912
20220120014301514
188230613081041227
188230520094239059
188230422005131603
188230624074803548
20220529173244258
188230623170537827
188230701073803627
20220829134530927
188230624092039536
188230701085010291
20230224202312051
188230701073738103
188230626152130936
188230628114442617
188230701223127421
188230630193932692
20210918225947029
18823053113502101
188230627090147735
188230629090535835
188230509191735714
188230625072359857
188230701091826127
188230427063101916
188230630114011622
188230409221351932
20230304085158398
1882303292025349
18823040908110354
20221230004152859
188230701212215843
20200627141224997
20150402203855418
188230608065342012
188230627152439872
188230617110719045
188230702062840392
18823062512380502
20211230155450967
188230426092448354
188230630091729508
20230323163114085
18823062419253863
188230620235737707
188230626135911032
188230615201458812
20221203102640764
20220326080359043
20220309133503114
188230624120121997
20211120092359309
18823042714020502
18823062309513882
18823070108035745
188230626142628524
188230618090515138
188230401213508292
188230410134137548
20230208103852749
188230630085241573
188230619230907111
188230625100933896
188230612065823501
20220216181238546
20211016125917979
188230622152633115
188230627191630624
188230701102410537
188230520101514031
20230111093435188
188230622090013495
188230624124349241
188230626115529544
188230629192510281
20221215163755342
188230626201054033
20221001101028178
188230614144822104
18823062411291482
188230623185939291
188230616163330916
20220504070859624
188230629140638571
188230413180840824
188230416214010744
188230627112037247
188230514073840518
188230616103529352
188230629161610121
20230227075804044
188230630160411532
188230417104317328
188230602071026589
188230526124927902
188230509192653751
20220927143553975
188230531081907129
18823062309022655
188230619092036553
188230702075620301
188230519202720724
188230624095415252
188230602111003619
20220831072725988
188230504081337318
188230610140343272
188230629220854761
18823061814160369
188230628112706548
20190703090019343
188230628134824976
188230407161621552
20211220143451186
188230625110240312
20230310204812347
188230615090211904
188230625100934213
188230612203416657
188230627080744021
188230627093523563
188230701162114161
18823070116555894
188230630065941646
188230516144745615
18823060607511701
20220701175131286
188230428152310967
2015091717450936
188230617151417532
188230701204647101
188230629155613892
188230628100025541
188230603065306311
188230507154648265
20170316160052425
188230612151708879
188230630133837027
188230701091433702
18823070122290415
20220405112155376
188230622140607733
18823062820203767
188230623110442231
20210304084520192
20230214105115912
188230627102436621
20210301163646225
188230407105522976
20211021083159846
20220410142502183
188230622233341228
188230627135106349
18823062808440112
20230313210719537
188230623184432453
188230701140159821
188230702074801493
188230628141935962
18823041114221914
188230701183348066
188230622154206562
188230627160337765
188230621154356586
188230509194423665
188230530163617139
20220315160456585
188230514004143502
18823051022445967
20170705212517799
18823061212310957
188230613205233079
188230628161334717
188230625215131072
188230607214226884
188230628201901514
188230503072607698
188230627091000796
20230226135723489
188230702074834407
1882306190913003
188230701153627644
188230417101336063
188230627065933334
188230626114022935
20200217082048032
188230621111135782
188230508065238567
188230603171900981
188230621143412278
188230628194430522
188230626001006141
188230701104737865
188230628145540681
188230627140120148
188230604161920608
20230210165223017
188230612195946101
20150629092732558
188230624144010899
20181126170619558
188230630193114795
2022070509055662
188230702151446199
20230217165450937
188230627093753536
188230629230423758
188230629101350608
20221212145037011
188230702093119212
188230701093105389
188230702085353198
188230629092044528
188230622070714097
188230619101409011
20221102203121395
188230629074054904
18823062607245062
188230621083021064
188230628112543498
188230629193101071
202301301534481
188230628100812572
188230613144514332
18823070214172449
188230627180916517
188230630190133037
20181219161255745
188230702093643599
20230210220011351
188230629094043482
20230302091849565
188230627074518883
188230625080848229
20210410174721894
188230630110539624
20220803144232809
188230627182915442
188230616065945459
188230622202507124
20180207165615989
188230601162829688
188230530135207819
20230129160630169
188230504171450288
188230621142757306
188230702081421245
188230702082633688
188230615025102809
188230618085109726
188230626205315055
188230525183700983
18823070207455225
188230605101346816
20221026142040065
20220222133645313
20220820141551636
188230620200906775
188230624110424092
188230626130243617
188230607173234731
188230421103554608
188230702122905648
188230612154921018
188230324100542533
188230608180359237
188230701155201098
188230629070123084
188230613224140879
188230627064459346
188230619091120213
188230621121327193
188230628072730722
188230523144843364
188230702063136869
188230401055600745
20220225105211502
188230626174316662
188230517072244866
188230629162823815
188230701182136461
188230617205452945
188230630121255072
188230628220842149
188230427110846633
18823062820303019
188230605163737259
188230627084316846
20230322090946737
20230104143212739
188230629221511371
20221014155342028
188230702070018261
188230628145934551
2014070416315396317
188230614195515613
188230512133615842
188230627073700067
188230623081443565
20210910204637439
188230627083628808
20230304173535499
188230426210349335
188230626140500252
188230620135731491
20221103150018854
20230309173408044
18823062714364209
1882303271350581
188230517191848249
18823062517035321
18823062521033027
20220214111056199
18823051412255053
20220509102911824
188230616084132186
20220726113808732
188230701140717922
188230613065609573
188230516153856374
188230623220445562
188230523114238363
188230701081244067
18823062115234214
188230406133526951
20200405085827499
188230507082330542
188230629062422961
188230429081514418
188230513201623485
188230630111523267
20230217101455812
188230626144858565
188230701105131974
188230616164610511
188230528074625487
20220420131336669
188230625151955426
20220608142848485
20230309142737388
188230510153544179
188230627092705781
20220126160630275
188230606143336968
18823062915363338
188230630202651147
188230329091535389
188230628171100705
188230326233117226
20221226145919531
188230617200407092
188230531153048156
188230623154549346
188230412133413487
188230607194305135
18823062812111483
20211127195054715
188230614155702925
188230625211822738
20230111153435285
18823051913474723
18823051822281379
20230208144356008
18823062615405229
20230222100935354
20220722142327484
188230630161920704
188230602170053317
188230603164529351
188230701160215247
188230615111054034
188230702122513118
18823061710451433
188230605171307244
188230629192545012
188230630075511544
20210218123211513
18823052611105534
188230624084046595
188230325091808013
188230614142202646
20230307111023383
188230624092336928
188230626135225133
188230616101827383
188230630145307449
18823062808113989
188230630064304967
18823051909411656
20230118141932363
20230308195808079
188230529112617821
188230629140738922
188230630093337451
188230629092012919
188230628221334417
2015051900171159
188230520195625884
188230601152803742
188230617091421096
188230627073504176
20220407163958193
188230615100634038
188230615082709946
188230627200218061
188230701132821454
188230405091242962
188230331173155797
188230609131123672
188230620085826521
188230628141315034
188230627090445289
18823062412473335
188230624065729528
188230512065655804
188230630211204103
1883052709025821710
188230627082056726
188230609092326435
188230702082307108
188230616171852836
188230701161821222
20221005101020198
188230701110211632
18823062807262268
188230616170607683
188230623200719941
2022111108510794
188230513094014054
188230620134519913
18823062006183023
188230612160230514
188230627203232885
188230701104542841
188230504160507004
20210314164614271
188230613204350085
188230616164250763
188230624065303698
188230610200016022
188230616105858213
20200924132127912
20220317171856569
188230328111445195
188230626110256339
20210514110657747
188230625150645468
188230602100421864
188230702075720956
188230614164813065
188230626171729162
188230405101827367
188230618112931116
188230608202216754
188230629150012723
20230220091929915
20210327125505355
20221217100543326
18823062611211632
188230628083807607
188230627172038014
2022111711442305
188230623102416257
188230621160420743
18823032519210376
188230516145010069
188230627152803232
188230628104746416
188230517172843966
20230118112212435
188230626161931739
188230515164132838
20190419105035761
188230629133628916
188230519110055424
20221202080052737
18823052116080129
188230603110102532
20200627211056654
188230621082301967
188230627151656466
2022062510421527
188230506113414686
188230623141148197
20220429194933803
188230616143803954
20170831195026995
20221204083029556
1882306271524412
188230605210039877
188230630134429264
20221207153227347
188230701081900633
188230630065124953
20230217103717977
188230701065254509
188230628184012406
188230412165625475
188230605162100357
18823062707582619
188230627204019872
188230626090301101
188230630202914481
18823062806574775
20220819090847416
188230420202501817
20221209171834556
201402262253188801
20190516165326531
188230413134313157
188230628073027276
20230321212339918
188230624145553102
2022110521210576
2021022107350741
188230623150716641
20230130172835569
188230628174411516
188230622183307004
188230619201746688
188230327113856771
188230627073308425
20210129103009547
188230629160924944
188230701163001617
188230624111310608
20220706153936669
188230427145746215
188230626064643883
188230701094057777
188230520110331697
2022113010595634
188230624115701568
188230625102542662
188230701112112968
20210205140531018
188230701082425165
20230318085748578
20230312115615587
188230407201142639
188230513233606517
188230619151415161
188230630162904954
188230702121826171
2022022108493695
188230609095735169
20211229114808205
188230426161428371
20221125173622679
188230625181054899
188230513175214006
188230628212422586
188230504213428164
20210504113338309
188230702102001622
188230612102658014
1881305242005387234
188230629151913959
188230630120437741
188230627164600316
188230702082013185
188230609124734981
20191125110536206
188230620171417614
20221213112809493
188230701135901
18823061022291999
188230623065749536
18823062419453989
188230515061602343
188230629143853104
188230524193454133
188230626153609271
188230629103220792
188230501093849149
188230611152418878
188230625080621136
188230701155530839
202206231804007
18823043011295336
188230630094616691
20190522225604734
188230702091745419
188230325131917452
188230617093224596
188230627134748824
18823062919362713
188230702143518874
188230429094426793
188230509150615724
188230418095028402
188230630134921396
188230615154931896
20180803145808068
18823062908090585
20210326095116511
201401141537159405
188230629102500081
188230630070237436
188230627092904204
20230223081748748
188230424111954192
188230409143925009
20220510090017048
188230601204250909
188230412093438266
20230217093331271
188230629102926157
188230627090741584
188230629093325142
188230519172512088
188230629114427744
188230613133310308
20230305202420078
188230618170112373
188230702091614582
188230629164235135
18823062706370944
188230616155142539
188230702110620045
18823062010345871
188230501201721743
188230521011550609
188230523145337241
188230626062907805
20230222191409577
188230615143922095
188230626065627571
20220425141303738
188230426162936255
18823062709320159
188230529200142818
188230628091443683
188230630092519914
20221117073144299
20220402093701619
188230420103903732
188230628105140725
188230411163908598
18823062715513337
18823062314301958
188230628181555722
188230627075930636
188230518142155277
188230604103334417
188230628140300823
188230618111949338
20230322110347804
188230627065641505
188230628163303997
188230420064549444
188230626151840325
188230509220837961
188230622143232587
20180424215312973
20230216103017052
18823061818554975
188230403141909088
188230616111233633
20191231075039842
188230625202125414
188230629065407083
20230223202335352
20220526110620286
188230522153613963
20220625164909195
20230303154059918
18823060119075476
188230627151526551
188230624132741791
188230627181312674
188230628203149987
188230617151617698
188230627192355499
1882304280935086
188230629202115259
188230701103102661
18823061210413767
188230626133850849
188230623143934693
188230627150445286
188230622150114022
188230418232851183
1882306291645168
20220902084033267
188230522090306292
188230626172746487
188230627194911487
20230305103428352
18823061810363139
188230626095053573
188230630152354576
188230329081936656
2022012221242134
188230601213459227
18823062919461663
188230530145106724
188230609195809577
188230628100127553
1882306222144323
20211113095543622
188230629204114251
188230626145745739
188230613152512873
20171221150415723
20230222142356335
188230626101345144
188230620085631865
20220509172448124
188230626094758782
188230628070210444
188230403103406989
188230622091525006
188230627154443153
20220522165549971
188230628092132259
188230604194855847
20211208190901162
188230512084958126
188230501151030226
188230627154344931
188230529134640122
201405192238480379
188230701094124542
20200913103633412
188230615084645384
20230304175242252
20120605110516758
188230627102735398
188230519113727024
188230702081653809
188230625221033017
188230620115811385
18823041114192962
20221226091330626
188230615151230027
20230122181246044
188230401080245342
20211216215030894
1882307022208142
188230528084458647
188230626225700003
188230622214929571
1883070413470842020
188230517222554805
188230601094249655
188230528113523895
188230630185549004
18823070115413202
188230629085527253
20230307214310622
188230627082058975
188230701150158073
188230407100841211
18823032421530877
188230626104917249
188230326110338308
20211109172133126
188230626173500683
188230625193508113
18823052117294354
188230623105924377
188230531102817574
20211126134848808
188230611173227819
188230623171558721
188230605163216197
18823062816374091
188230629135236427
188230512153509198
188230618211335505
18823062506552659
2022121912024406
188230702202535255
188230629085003099
188230624133234012
20220309065416031
188230427174354285
18823062316203374
20230117154504052
188230506202152311
188230515232423292
20220323140713858
20230303220645252
188230423152311685
188230601164209544
188230410152918422
20210811202354582
188230628083449241
188230531084205473
188230620103622052
188230626094136742
188230627153132966
20201014105226678
18823051819204034
188230620155428291
20230216163212749
18823062715383245
20220315112422864
20220401172430294
18823063021370841
188230614091742691
20220926145019367
188230519082237417
188230526123326987
188230627135733261
1882306271526432
188230529200700972
188230420092206639
18823062120382004
20210304162643511
188230616134008386
188230404094115396
188230701091012166
188230323102957132
188230701103431251
188230626143747667
188230625203502685
20221224172142179
188230331085831788
188230701080657519
20230308195024498
188230629160500871
188230329153732231
188230628104453775
20170221135937168
18823061316353682
188230328194449043
188230628151901846
188230628071816862
188230629185044134
20220408112135849
188230622193925809
188230629105352376
188230623094849212
188230630153928382
188230626154036927
20220214141402824
1881305241404489431
188230629114003167
20230120104312546
188230629090311912
188230630171229933
188230624100859633
188230618070859509
1882306281029384
188230630164709129
188230625155530506
20211229133258505
188230626152627978
188230630200557328
188230618085113628
18823062910353188
188230601084452644
188230623101402924
188230519070834481
188230610224955185
188230604154322742
188230505101803323
188230630201835338
20211015111851851
188230701183942482
20230302212407128
188230624113639261
188230701195542367
188230601072557931
188230627082714995
188230630092521346
188230618185711495
188230702134443923
188230627191603093
188230516104511397
20221215073943467
20191222222307248
188230618135445426
188230622173347763
188230702211841989
188230607073951699
188230427065958355
188230521113657308
20220604104818655
188230428154642405
188230615163256831
188230501095555074
188230621061955587
20220823143235592
188230517113602065
188230629164400663
188230612194312228
188230624211648556
188230619143258161
188230622085824572
188230612165345343
188230613103755331
188230630201638988
188230512140533839
20211122204426322
20220303122120786
188230626180644952
188230605164101721
188230702120910941
20220919140106333
188230614182805599
188230626075623517
18823062708240496
188230630155927709
20201008095117475
188230614235103396
188230630193348775
188230619072741546
188230530104639673
188230702174519491
18823062110552262
188230630161727695
20150730163929303
18823051714543855
188230626092400881
20191031080239359
20220526074904835
188230505210855684
188230627213754629
188230626064318725
188230604153831702
188230626150433047
18823061807251739
188230702225441053
188230701161201954
20220625091608877
20230306104525101
20180422233604398
188230702163640637
188230630081511742
18823042311504196
20211026151457093
188230405110153542
188230625210122568
18823061911191886
188230628164256087
188230630172213593
188230702123434338
188230627133014374
20220826094322029
188230621084828024
20210907232747902
188230404150313354
20210710095446415
188230522123731345
188230419064340892
18823062616555937
20221129114017
18823062106390948
188230626070643109
20221014135751081
188230415105704363
188230514150130094
20201025104003506
188230627090153909
188230423215948225
188230331103003077
188230625123123658
188230622064755151
188230517175730643
1882306241741267
188230627142549973
188230518152905177
18823062818275827
18823052217172468
188230408082440697
188230627064824314
188230626065138197
20170608161505814
188230629154603547
188230515232031259
188230701200949789
188230628105437728
20220504121328161
188230419102155302
188230630141149735
20220425105949222
188230627205005874
18823062715351621
188230523202912839
188230413074514513
1882304271729241
188230627154051683
188230527173706339
20221006122828396
188230625144816242
188230628201415293
188230521210651284
188230629080056473
20211029154611867
188230527100306075
188230624134316708
188230426102252201
2021062613123756
188230522102137531
188230621085549246
188230629160436424
188230403135455945
20230202210632401
20210719162942166
188230518070231768
188230628104651494
20220617111225078
188230402135114486
20170308115448567
2023020315034362
18823062906290941
18823062919561992
188230408074642184
188230524091646737
188230701091144466
188230613095432996
188230622095557418
188230505085518646
18823070212244281
188230519235330874
20220818125144918
20150122150052697
188230630204949344
188230415201944417
188230628110222181
188230426102121317
2021011719504742
20221019100037996
188230629090640769
188230702133756802
188230623094850433
188230605202736003
20221130104423308
188230702084703117
188230613110834066
188230615200809885
188230612215546785
20190523085439906
20221109113406372
188230617175901093
188230616085447594
188230629102437303
188230510070350785
188230504214315972
188230609090921417
188230623213437899
188230627081012174
188230630222808023
20191210113057766
188230610105222129
1882306201535478
188230629192745976
20200120104633345
188230628071719945
188230620200616971
188230509191906327
20230222134723608
188230612094108705
188230609110942758
188230701224215594
188230504091534407
188230427174945865
188230626153645129
20150311221216329
188230525091136589
20220130203649113
188230616164811868
188230329103729767
188230621163734122
188230405094032498
188230626171503745
188230626195555458
188230630084527242
188230702065206412
20230116215735439
1882306100741272
20170725161256095
188230605062423715
188230630152848553
188230626105410743
188230526212523204
188230415201158342
188230525105652938
188230701163431121
188230626153940177
20200223202100438
20230302111450327
20230316191827171
18823070107223268
188230628103341285
188230702155810029
188230429142926574
20230116183000305
20230201220121845
188230627072328968
1881305271112189208
188230504110015798
188230630163301701
188230628075455823
20220428165432663
188230619202143578
188230630140724576
188230526135125348
188230528095700332
188230627104048497
188230530203043204
188230615093855621
2022020714251657
188230629085955473
188230624202737046
188230628205512087
188230415145125273
188230523090552245
20230221094733248
188230629082613199
188230625101727183
188230629112301011
188230617112036822
188230621192308194
20220410191234538
188230622123607542
188230623151015435
188230702155023893
20220408193009177
188230628204725789
20220607152309792
188230629091001889
188230529141818917
20211015164642856
2023031010182698
20230308130342445
1882306261829168
188230618113918513
188230626150827571
188230627161949759
188230628144137794
188230622135633482
188230522200933963
18823060610074193
188230517101446745
188230702150141555
188230326090843766
188230427210335871
188230617075205763
188230508133631619
188230620085307025
20200930131134115
188230702070417062
18823070212572848
188230628183852722
188230629195040435
188230629133829826
188230701153437379
188230628071524042
20190603161913044
188230628090758869
2022081820280538
2023010913404638
188230628081551086
188230623153440495
188230624125241072
188230620090648305
188230616075028244
188230628070606616
188230619115144986
188230630133253915
188230701141313315
20181220090201901
188230624141002564
188230630194235209
188230626212955984
201307242250323804
188230622150739818
188230601222113132
188230420172752749
188230327133357936
188230604113102708
20211112101758842
188230629084907391
18823063015311237
188230624105220009
188230324222019504
188230622140221372
188230625091536834
188230517211842502
188230624154339279
188230628090922962
188230607202633687
188230607212333015
188230702190708701
20230310183651294
188230629151426535
188230510185826284
188230627191703534
188230613095139325
20161111003842558
188230623110514689
20171226171852802
188230623064213508
188230620204845068
188230628150200334
188230629101717519
188230628192143392
188230701092718628
188230511143405604
188230605183436836
188230605163317288
188230621093742639
188230701102516273
188230701175654449
188230603202250814
188230630090950721
188230504102217798
188230626133952584
18823063014393936
188230603081926736
188230406135826522
188230529085458527
18823052815091809
188230629144840291
20221217091143779
18823062413330535
188230628101343336
188230330162333814
201811301648509
188230702160857219
18823040719112324
188230620204255366
188230619094141065
20230225112713371
20211231103600795
20230322102749341
18823050210265246
188230701200132257
20230204083456174
188230626100037819
188230615154116807
188230331001751756
20220530150820049
18823062809430233
20230313065400543
188230626154727648
188230615172532456
18823061405583596
188230628112222468
20230318133037321
1882306181253388
18823062714042638
188230701104941333
188230629081958679
188230608223750434
20220913134225704
188230702074939706
2014041007410334015
2014021116230715716
20211230092151115
188230510092437836
188230629135141206
188230630141413723
188230503114852702
188230628113631585
188230331090618722
188230616120248682
18823040212584817
188230521161632119
188230627073444223
188230630194334085
188230701165234568
188230522113706377
20180727085943178
20170327104342418
188230628182051223
188230619060554137
20221119175149979
20230201200724382
188230403084044708
188230629145823654
188230615204448682
188230626105018797
188230618211535282
188230619152009652
188230630070831541
188230614101346746
188230628195715531
188230622160603602
188230422080506323
188230630065621467
188230420161317348
18823040407194087
188230405125556727
188230701065947653
18823061507230217
188230701205047826
188230627075115542
20230308203219487
20220216194255391
188230701133548066
20181017103714851
188230625134430757
188230701064702502
188230615141534246
188230614070708781
20191101170010673
188230629161454136
188230521134402116
2022100307561036
188230628072245838
188230630064147032
188230623072209504
188230619063732844
20211028143917682
188230625114704499
18823061721074316
188230526183459469
20211018113534617
188230604101110426
188230518230338202
188230501122427548
188230424144235166
188230614201354928
188230626152106676
188230627123120821
188230417135946426
188230609074735805
188230619155548861
188230626093353663
188230702143720128
188230522171706051
188230429143157447
188230627182725865
188230507210722045
188230701104646911
188230629070228223
188230602074344195
18823063014001414
188230618220153606
188230424085941021
188230608075442981
188230619143654184
188230614100527914
18823063006563117
188230619063601966
2019072608553775
188230613064829745
20230203225000756
20190604085742389
188230701072403256
188230616223337289
188230626064026443
188230624140806993
188230628135422808
188230628121201498
188230621105113951
20220706121927522
1882306180926308
188230522091129706
188230511213300587
188230623191157611
188230627070528368
188230630145051506
188230324075023238
20221201155410833
188230629133536148
188230407085640596
188230418141727647
188230521150229418
188230620201143214
188230630212651952
20150405092559794
188230526201154487
188230419070110648
188230618133613497
20160909155650492
20221225202305981
188230628112649153
188230628182641614
188230623134305246
188230701063326689
188230625005751267
20230314231253987
188230622151658471
188230624133237736
18823070110403563
188230524201454581
188230625104055287
188230528104647678
188230623070407678
18823040715410438
188230628141616144
188230624071830546
188230622101457941
188230624171445273
188230620065123361
188230427150437409
188230626070613031
188230615201336372
18823060422085689
20230304094112829
188230630084332609
188230623203249219
188230629135600718
188230515070749777
188230628141059163
188230530135018611
188230701110447227
18823062709521536
188230702164429953
188230623164255365
188230423160736904
188230509075811464
1884022709161381015
188230630160944282
188230627135048865
188230517193657507
188230701205015726
20230312094649544
18823050517531858
188230629162405077
188230612085624026
20150915082931422
188230406065442015
188230624193236196
2020122916015342
188230610111745274
20210208142511373
188230629190257935
188230529090211087
188230421204618513
20230319192231189
20230309143006487
188230628135947573
188230625205800255
18823070115581262
18823051111091541
188230612225838424
18823070213360987
188230620090453339
188230525110635876
188230702110100841
188230623151443315
188230630152850804
188230408191135111
188230602203745679
18823062814182802
18823062814412181
20220801133825438
188230620104707488
188230524094631329
20190816200117675
188230701105106349
188230614103903672
188230701071715769
188230409215528377
188230607091846585
188230530103659981
188230530142227923
188230626102529497
188230627194850795
188230613110443502
188230511153008119
20230311193726457
20230215202426363
188230623102520841
188230630111432216
188230531161443865
188230702082215451
188230624072912412
188230628070018589
20230109111307803
188230625101303336
188230615083306538
188230630130535999
188230626124615235
20220213102923335
2023030610120271
188230623113629268
20210521080811095
20210208185437783
188230625183256159
188230625194757728
188230626093125227
20210509141954191
20220429074222744
188230502172937893
188230622063054507
188230523154222764
188230623165009592
188230626172358331
188230617190747846
188230608090713802
2013121302032666318
188230624070127311
188230621165735633
188230522194251475
188230609111305943
188230629163519707
20230209075236577
18823062420082404
20180730165055225
2022122120531712
188230626134740743
188230529151520538
188230616135520042
188230626165411634
188230622213230388
188230628194733886
188230629114236739
188230531134902088
188230629195009869
20230216155844432
20191111151931218
188230701162909523
188230624174722901
20221213150400363
18823063019245432
188230606094946171
188230628101214086
188230616171106183
188230626170556304
188230628171337622
18823062718304151
188230625125420956
188230629150626
188230611181424553
188230624081301423
18823070214115277
188230603204448211
188230420072255449
188230419215011813
20221222120804325
188230410095546349
20221129214611441
188230609151250418
188230516161957874
188230629153853435
188230531204009981
188230625133449228
20190412101603346
188230501085204501
188230626154827805
188230619141328926
188230702085558305
18823063012003876
20200601075240996
188230622094413867
188230629105520699
20220202103001148
188230608230633535
188230623155343424
20190419152719935
201308180845285439
188230624184422473
188230607095713871
20160409225515089
188230530145407059
188230615180955731
188230503144443999
188230630175920227
20200411200213099
188230702143918193
188230501191602292
188230530091339892
188230626130251898
188230426113921155
188230701233721494
188230615222931611
188230624101650597
188230613064732852
188230701083611348
188230626110722273
188230602182611176
188230618162942189
188230624133501166
188230529065210095
188230701104550129
188230630070309107
20230219112829182
188230628144337155
20190225014018318
20210630093132059
188230629193437469
188230514110124318
188230630110056738
188230528082104611
188230627144945971
188230624103551284
188230622073049397
188230628101607744
188230630065000769
188230623200956738
188230702150930756
18823052311220548
188230618233524551
18823040208392536
2014051300522938719
188230617150935399
20230124221518197
188230630140137856
18823053116494212
188230424200958355
188230619085525398
20201119203611032
18823061422461349
188230701154914739
20230315151118776
201312161525092800
20221208170418632
188230530085409241
188230427200016866
188230623101112813
20160308231950831
20220616081527282
188230613220610549
188230630123753979
188230505083654659
188230615102050819
18823062918353414
20211119195607558
188230515092443659
188230701154128396
188230630092100111
20230301142929941
188230630151606808
188230630162551329
2021091308130857
188230630151311919
188230630145348161
188230701090853446
188230403104428615
188230626170458719
188230620201210464
20220523144925797
18823062516224616
188230702081823341
188230627184956017
188230523200328307
188230627082523258
20200906075230843
20200423102403203
188230607073038983
188230405160948367
188230627192132241
2023030320583313
20220330173125275
188230630091838113
188230628163015334
188230630221927079
20230304090804905
188230523151700651
188230408095355565
20230210135151286
188230624094507718
188230413144740569
188230417111438048
20230316231054049
18823062519370477
188230629064659704
20210115174028029
1882306090947343
20221102110855963
188230701095834396
188230626093945638
20230225151513392
188230617162830664
20150505152500576
188230627104510818
20190423092548463
188230330205426545
188230623164519282
188230418193240948
20210412101620598
188230622165619575
20221225100333946
188230628103934853
188230608223916934
188230628084142984
188230404095726473
20190123111732109
188230624065901461
20220509143716783
188230629205005232
188230629070721968
188230601073611711
20220528141849538
188230627160937413
2022042302403526
188230630090953689
188230414201050082
188230621070447609
20210515155735554
188230522085921804
188230623195223052
188230625095111706
188230627100808221
188230522140513311
188230701141513249
188230701224416296
18823060216042537
18823062711161897
188230701101732927
188230702122718273
188230624001807426
18823062914552906
18823062706345034
188230629205431385
188230616161244249
20230112144741473
188230629183411299
20230126190613603
188230329162519654
20220519195956326
188230702174524523
20180624223622251
188230630154851454
188230626145555598
20210803174429846
188230627195540636
188230616150627486
20220629110903977
20221205083739306
188230628140242092
188230515112105147
201401210843288770
20191224112141513
20200605172651214
188230524231210197
20200922131518678
188230401201034473
188230609095906542
188230618135352566
188230624002135287
18823051713303812
188230619192644875
188230702082118929
188230629095527698
188230628220622102
188230616124708118
188230623174939928
188230629154542875
20230219131213099
188230620191053102
20201129074513207
188230517064258878
2014081112063104319
188230627195114824
20220925225915722
188230614142145871
188230607101646176
188230426201544043
188230630155048313
188230620153009532
20211119174538626
188230624173118854
188230623205217671
18823062713292183
1882306231850398
188230611110352287
188230502203020703
1882307020805543
188230626212009399
188230630080730559
188230630081549762
20221218205750744
18823062410483172
188230325104039402
18823062008550893
20230224143209981
188230513140323842
188230702164956675
20230207095330312
188230628070905367
188230623142958616
20200808161236513
188230621094532646
20181114152834603
18823062911374898
188230627182401082
188230626113312316
20230321134851644
188230527195043395
188230630133749339
188230601111819878
18823062313555566
188230608094942844
188230626075203205
188230627164903049
188230702080153225
188230627094222478
188230627101038232
188230630093641387
20220907085125292
188230627144029875
188230701092951734
188230620144129719
188230630191158986
188230628194735826
188230531070318299
188230625150654171
188230623085450971
20230309085959903
188230429084604137
188230626165642992
188230414071813875
188230501235218168
188230629135439613
188230702155847424
18823061709313793
188230410150106885
188230629083731721
188230702102206218
188230615100315407
20160824093103896
18823062114031391
188230616151217953
188230628112422689
188230702194415397
18823050216265516
18823041809110844
20230312112445245
188230628113110846
188230329180149581
188230621232551759
188230623171106641
188230531174225747
188230622110537563
188230326152517467
188230413160404828
188230621132904287
188230628064515936
188230702205753185
2022070412564326
188230621140440943
188230508152838015
20220411000805258
188230627153237903
188230621091256207
188230628070250384
188230612100929431
188230627151140765
188230702203754411
188230621112817592
18823070216411067
188230621100955584
188230623170254793
20230309085927372
188230626110953422
188230504114411479
188230701075814361
20230223174653914
188230620195805165
188230616071952366
188230511144851449
1882307021232126
20220808135923714
188230622135146505
188230702153259019
188230629100345357
20160621180114957
20230126085101588
188230629094316057
188230628221900828
2018110910060575
188230701104814115
20230304082909237
188230616090138678
1882306292013139
188230624113940563
2022042016340056
188230403173636184
188230628142143599
188230628145715316
188230512124123254
188230624202610817
188230622091106448
188230627121649815
188230626135234714
188230623085811871
188230509140301986
188230430172731556
201310132129192101
188230702123800743
188230628162427054
18823052010182836
2022120909363383
188230628214757561
188230624204642491
188230622135212228
188230622153038032
18823041521342674
188230630104455382
188230628124612828
188230612203231455
188230701122902249
188230615221950701
188230619090213102
188230622203730162
188230515150838003
188230701091117304
20230222201411837
188230620071614724
188230627094059271
2022091912304905
188230701090527509
188230626185435432
188230629135046961
188230512134445362
188230627100252467
18823062910163255
2021021109115199
188230621065533762
2013121612484368712
18823062907115851
188230414070929743
188230624193042772
188230630140729687
20220612082358619
188230628153121126
20220120043149673
188230507085551981
188230625204558192
188230427173443962
188230626173147516
18823070116501887
188230615101725055
20230225144306049
188230527133145472
188230515171547534
188230419112647085
188230628182350254
1882306032032178
188230628094728626
188230515204741554
18823061118081468
188230526151416253
188230630090824142
20230222141741531
188230616163539426
188230624153524706
188230628160231919
20220624141408777
188230630090758668
18823061913393698
188230630134929958
188230616101313065
188230627142326835
188230701195844151
20230226065742391
20230212152121921
20230125232314954
188230327065238105
188230616141322842
188230630102948451
188230630135913064
188230701065722478
20220425222249087
18823051609135746
18823062316145282
20221223082547859
188230607111936678
188230424120416938
20190918130326187
188230628170412
20221208164358841
188230702074944189
188230325154339529
20211104173808335
188230701065001691
188230622092024555
20221221205334766
18823062317095664
20230309112142592
188230625074404098
188230607140412162
20190308232420101
188230427055414048
188230403102137125
188230620164414255
1883052722545515312
20191028160617265
18823062820051764
188230630084729657
20230308094434106
188230506090355519
188230504152750924
188230627083017042
188230625080040279
188230506102643545
188230702102240091
188230702160239468
188230418164210545
188230630064839544
188230627195345792
188230626092047236
188230627071122311
20210707175234452
188230417154431894
20230120161631129
18823061108382622
20221021103643558
18823062814055356
188230701065624511
20210413152918466
188230628154334153
188230604085418957
188230623101803482
188230424165833691
188230613151505377
188230616134114288
188230531101940723
188230629155134452
18823050915142658
188230630122740739
20180216194751496
188230630095838237
20211214222449695
20191026231729187
188230626144934951
188230620155829303
188230629164440634
20221222221110337
188230620161858629
20180312135425118
188230628183759967
188230607111314531
20190208220617828
2022101010242661
188230514183330923
18823062909082743
188230607163219064
188230626103123063
188230702075731067
188230612060036231
188230615081704591
18823063022460049
188230630171729044
188230523202526359
188230701080927385
20180305093254307
188230626143624356
188230701205216429
201810241019062
188230628145814711
188230505093127354
188230620134333632
188230405115141313
188230626065538246
188230417134410952
188230630201810128
188230629090057427
188230624090905813
20210831163514079
188230614111509729
188230614075137264
188230530223529201
20221004083617024
201411191148109072
20210217173015828
188230701164158231
188230629134458141
188230330105027872
188230626065800491
188230627185351992
188230406173515065
188230602151615808
188230628104854849
188230531175046468
188230404102905158
20211123084909904
20230317123951955
188230626154732883
188230616172322132
188230625161108824
188230616223145306
188230605105847642
188230624093232478
188230616101641571
188230629085404518
188230701064609129
188230427063442795
188230627235847532
20220415095430507
188230617160703354
188230628194049405
188230606090132871
20180213101452686
20211001114123667
18823042410143131
20210917132852639
188230616144240043
188230626095553975
188230622184758712
188230326131842496
188230515145104848
188230501150449111
188230629160345054
188230625215831519
188230516101635558
188230630095904236
188230620212747759
188230427085430266
188230425224437247
188230701152951813
188230515093233159
188230702104043049
188230619201723966
20161026222251584
188230409153011288
188230623161540186
188230408074124894
18823043023265401
188230629205040764
188230701163208321
188230524103843467
188230629162311314
188230630210952852
188230630133849748
188230501174206103
188230626183143063
188230621104529069
188230610224242351
20230117184036529
188230514082111154
18823062815465147
20230314155204288
188230701124738753
188230408215125702
20220902080011975
188230626112331464
188230628141129437
20220531173809893
188230505081102054
20201216102031092
188230623065333502
188230629090746129
188230624110305044
20220425181159194
188230702075600686
188230628221804336
18823062815563587
188230623140732743
20230213133655879
20220530143158098
188230630190407507
188230628070547305
188230629065514859
188230502193553263
188230517123800953
188230616194015104
188230610231615364
20190805143609239
20220711142449051
188230701204922273
1882306162155432
188230623143452601
20220809193316283
188230613062901694
188230628202241984
188230701080633282
188230419163307975
20220913135804375
20230316211658718
20230111132835814
188230629193441262
18823070120075257
188230629141929992
188230630150856712
188230601060507664
188230630090235921
188230623140208678
20230316154347565
20230212072857655
188230621141950522
188230607095554113
188230625155342402
188230418124300363
188230630090235983
188230623181135953
18823061522571345
18823061909463125
188230620062834774
188230627080233046
188230620190040155
188230614081429604
20230223102828645
20170226075623529
188230614104006763
20210911222521972
20210716184928373
188230613163237497
188230627091308667
188230518153142398
188230613093900415
188230613070536833
188230620212846726
20220626120433808
20210815192752274
188230701163241621
188230522090545313
188230628065927332
188230507225505962
188230702124654766
188230504093540526
188230418101002429
188230620073812159
188230531192316103
188230628155547854
188230608152617172
188230627101139169
20230302145339624
188230403090112749
20230324151214322
188230626142642426
188230608104153341
18823063007355135
188230620135022853
188230522215358731
188230626122031373
188230523003035935
20221003174043943
188230630134407467
20211027160326479
20180720155550033
20211016130421076
188230504114807126
188230630161834329
188230624105226587
188230516082008412
188230622133543268
188230628185334117
188230628110557546
188230628105445742
188230619105419636
20230207152841086
20221112080621957
188230625210458507
188230517104107922
188230629150810522
188230502081520027
188230618100457892
188230701095313833
188230508064039339
188230702120657326
188230630152200634
188230427144708542
20210826113900999
188230625090920906
188230702114759128
188230529154507226
1882306181456347
188230701142729181
1882306271011307
20230219091403244
20221110204916207
188230625120215536
188230626151752177
18823070209401352
188230627133317641
188230626125308425
188230626153423378
188230625193222691
188230520132854313
188230630143025707
188230628203717176
188230628190544442
18823060415341116
188230628082410057
188230628100629072
188230628100104787
188230501144748632
188230702083433055
188230628085031519
188230616172847712
188230621140050531
188230621182452325
188230502143025769
188230609082147448
188230630153020037
188230624203235986
18823062216303258
20221216141337244
20150802103558818
188230615103038123
188230629194818229
20170727112925878
20230117175354047
188230701170844354
188230620110545602
188230627193905859
188230623135916755
188230626141922005
18823062608274139
188230627220939527
20230214114108172
20151127231226638
188230617111421712
20220315004330771
188230630193029908
20221223064003348
18823070118404886
188230630100034326
188230630084305694
201405291129266976
188230628150436651
188230629154644782
188230625152131895
20221019123737402
201305271136052033
18823062400230215
188230702080058188
18823070221034319
188230625081156431
1882306292212564
188230611235201894
20160402225029994
188230628164952943
20211114102842228
188230626150802295
18823070208353149
188230629061550974
18823062322144128
188230627110740898
188230628153156517
20210720081830831
20230224155141046
20230311112631228
188230610070135746
188230421094228942
188230613153047505
188230629150417877
188230412073034721
188230622142030819
20220423095706599
20221206102139881
188230623152825326
188230619180753906
188230624160703475
18823041118594036
188230420071408641
18823042215404546
188230615123059717
188230630065431561
188230625122542609
188230618195649553
20200404135109671
20210926212310058
18823060308452395
20211015114122296
188230629112046651
188230417150239805
188230623085028426
201405082353263701
188230526091355236
188230407150527589
188230605230957668
20230301210633316
1884051309441148018
188230329105933427
1882304281601143
188230504101340288
188230616114521219
188230627165201566
188230403142214824
188230628100105384
188230625093051573
201403132245304502
188230402125620407
188230521211610298
20230215212754111
188230624100607168
18823061916214472
188230627100845281
188230628091258087
188230613165335788
188230327094928625
188230425084126453
188230625085121785
188230520215037191
188230429075432721
188230506003719445
20210418152105243
188230508094055711
188230617072330024
188230530100913449
188230627133744433
188230502223537467
188230627220350275
188230630160131397
188230630143419731
188230701074015574
188230613105010011
20230304125838686
20170411143423329
188230427152016748
188230630105113969
188230628155123072
20181211090904448
188230531215254922
188230329001043347
188230629074855321
188230419100919194
20210908152423838
2022041514304933
188230627064636845
188230626154538414
188230531061147057
188230330063054267
18823062720472524
188230702152115666
188230626134418898
188230630213215702
188230619152344537
20230124225816031
1882306271340004
188230622195213799
188230702155720169
188230508162835946
188230627160810986
20211009094247932
20230130095908356
20230316093531653
18823062511314437
188230629101233673
188230629203207692
188230627233326604
188230520174601761
20230218094601762
188230702115841576
188230629135246889
188230627155338797
188230626160109105
20230129102153271
20220729140241985
188230518005229125
188230627220940357
188230623160624715
18823053017015885
188230630103049814
188230426205349468
188230609085556328
188230528073918061
188230627094357616
188230622072137338
20190221093758596
188230623094728325
188230622083442309
188230627141641871
188230516080240272
188230601230706322
20230319132501651
188230628181239449
188230623164655257
20230123125827226
188230613225203361
188230514145519266
20230202085107387
188230629135902412
188230620095801042
20220823152518872
188230609104135896
188230617094842081
188230502091450087
188230629183514346
188230616093648618
20230224210323187
20221226085213939
188230606060054268
188230630062614284
20221123134449427
188230502211512085
188230626214831901
188230611110946604
20221208221607733
188230702190323517
188230630071002951
20230106074638155
188230617074034507
20190605110536013
20230214171322205
188230614163711839
20190703175559015
188230628152239976
188230517202708343
188230607144544125
188230620141152138
188230616070645649
188230620094031763
188230531152340886
18823070116374423
188230627153504153
188230620065130396
188230628143556509
188230608073222051
18823062915311543
188230521102559159
188230620164646843
188230618143319998
188230628091127744
20190306081105857
188230618085550019
20230125123954635
188230625095542739
1883040910451599317
188230522103424993
188230628135102434
188230521123039203
188230623104722924
188230628182747124
188230627073648636
188230419142928385
188230701084829707
188230620104910881
188230627085936677
188230702152935471
20170306090952754
188230628135331898
188230615081740365
188230415094638673
1881401051318020179
188230412110456922
188230623142930532
188230615204030566
20230313101027445
18823062209194117
188230622224836742
188230627211045002
188230616084637835
20211016105027732
188230504091707545
188230518090852511
188230628214401202
188230630084831413
188230626145036471
188230701065103555
18823062411274446
20230204192024796
188230501164247276
18823062820481276
188230511151638782
188230606072539403
188230624210708749
18823061913430293
188230623090436374
188230625155705117
188230630103902536
20230317060745547
188230623141751122
188230630091123037
188230624092219743
188230510155721056
2013121611572210018
188230627220154724
188230630140504428
188230627193219474
188230701090236821
188230615172606362
20221117064440238
188230607114922419
18823070115162548
188230414133356985
188230628111706555
188230410193725886
20221107084945855
188230629103135169
18823062220401099
188230412071332299
188230623092435419
188230630133950949
188230630104033771
188230516110158322
20220920093829636
188230620150131208
188230331151706632
188230405214923273
2014020417525410315
188230702125050389
188230629152909847
2023010108205591
188230622090652189
188230623161707052
188230524135434796
188230625111304769
188230630161410631
188230621115509319
188230422105549392
188230614222301779
2021040507284053
188230625220717141
188230608153537115
188230617084717668
20210609233324645
188230608162155126
188230615135808131
188230627094915717
188230621211355784
188230608091933326
20230131090025104
188230626155457196
188230624075016877
188230622095141573
188230519144213206
188230625151707862
188230621192055518
20181120133720816
188230622174800637
188230426101902086
188230630084340492
188230625144630039
1882305122036509
188230622171753247
188230411115457322
188230628092308267
20221214173457204
188230505113152322
188230507183008599
18823070111132509
188230626121804638
188230605171321696
20210108103355242
20150521161313131
188230702173842289
188230629212318597
188230625094658954
188230628000131989
188230524230953882
188230627152259997
188230628133432222
188230628124715938
18823061907270565
18823062413405099
188230331151641519
188230627145706419
188230408184622004
188230629101235131
188230630084930494
20220903100804033
188230608233851847
188230621220105163
188230622161300428
188230620224220115
188230625100753884
188230530124016608
188230628172327914
188230625205349362
188230626090511349
188230701075327992
188230504155638785
188230630071757826
20230306215455761
20211016105126931
18823052708211733
188230629161430042
188230623095909402
18823061009591326
188230329104133157
188230629210942525
2023032214121533
188230702064659522
1882305101950021
188230422121802844
188230507113901151
188230403132255346
18823062707203191
188230621200051322
188230627144559755
20160815151508621
188230621150112913
188230603094617246
20220210124352679
188230414110452907
188230509113502893
188230630163246266
188230616101547195
20221206085725376
188230629180435664
188230615185943785
188230430143016179
20230217144921352
188230629071547659
188230620135255307
188230627150359825
188230504091151637
20220707070045462
188230619160243486
188230630093909279
188230630191721762
20220430204726567
188230620211932459
188230628090113325
188230616091422016
188230630071627076
188230624192032068
188230618085453125
2017061609205063
20220710194638156
18823062510202195
2023030610095449
20220526083403105
188230616174521705
188230626170301803
188230416072109422
188230622234013057
188230701101837719
188230518160158104
18823062909283737
18823062709595546
188230531134352796
188230629165526449
188230702205529524
20230112095202741
188230602151226808
188230630151908797
188230628165610948
188230414083517905
20221001234804183
188230626112433627
188230608212913632
188230627141250537
20220618083102185
188230625194831344
188230616150339063
188230419133230586
188230624002010624
188230615144459822
188230611074215474
188230629201735219
188230404073352768
188230630071922247
188230626200809047
188230607124557425
20220304122605192
188230622100123277
20220316154523292
188230502192803493
20230320180227764
188230628071304888
2023012017335997
188230701091548863
188230620094328517
188230622085639881
188230619103817426
188230403105713877
18823043021270746
20160323154210528
188230608094719718
188230625085550316
1881312241653444332
20220923113303792
188230430112050944
188230628134022919
18823051822231305
188230428113858322
188230522230501154
188230618111733538
188230619191340841
18823062822055743
188230626200153928
20190928201740144
2016072110403449
188230701155938179
188230327200214916
188230627100454796
20150923142229901
188230627142627228
2014072007230255011
188230528084144038
18823062809374643
188230619155001267
188230701163409338
188230701095120835
188230627173822413
188230623165607886
188230624213954512
188230404085149652
188230701122744292
188230702083633129
188230614131404779
188230626090151921
188230627142430709
188230629235847169
188230629065846802
188230701204402204
188230617163558941
20230217182933023
20221208134938663
188230701133623348
188230618122842166
188230609171017806
188230629145833554
20220304014110802
1881305291102023778
188230625025028205
188230628135628918
188230625220456567
188230626101522562
188230629210058883
188230630194933899
18823062417371284
20221109075046548
188230623164625047
188230629063651481
188230627070341273
20230112154546329
18823070212452511
1882304140800186
20191125084532924
188230505100406984
188230627134501064
188230624093630668
188230428081647821
188230628162105553
188230702134816977
188230629084623062
188230430160515288
188230622152913115
18823060408103133
18823062307041504
188230614105157856
188230624125022439
188230515212349677
188230702141927694
20230217135845654
188230613065658649
2020071609102619
188230702141436191
188230630122221858
188230701112848689
20221031175352629
188230405094928696
20230223081926983
20230319084532046
188230625192833361
20221206092607828
188230627170513255
188230523111600489
188230626185507178
18823061610230143
188230628161319302
188230627133911432
18823070110511499
188230702082945423
20230308085133721
188230627151606173
188230627181457832
188230620195353014
188230627184406966
188230626091823553
188230626084745669
188230701102133708
188230508091044312
188230427095724506
188230523112813019
188230702162604508
188230328131154405
188230608100356582
20210420082930154
188230702160015857
188230701131330042
20230211111121403
18823061407232524
188230627145445904
188230630155809297
188230702062301718
188230621135401506
188230630222230068
188230521200538164
20230126170501691
20230305192211011
2023030219502152
18823062615355986
18823062709170777
188230701015003737
188230529140126301
18823042515202653
188230625101836893
188230701093712482
188230408130622054
188230509104427625
188230501202129517
188230625093743216
188230422125441665
188230627113202314
20220728171917966
188230625133621902
18823070109495957
20210514093208214
20230306180035222
188230702080815774
188230627225629343
188230702210937506
201405141201416871
188230630063600295
18823060213494444
188230515071120044
2022072706593457
188230701094433463
2023031511151287
188230623113736892
188230624153858759
18823070216123094
188230626220045015
188230510184231643
188230628140053216
20201027095917303
188230701192344336
188230626200253211
188230701071659817
20210420014510891
188230615161041708
188230628191433521
188230623103546163
18823062914134848
20220813155857221
1882306280944454
188230419162526537
188230426062648154
188230618100921188
188230504133620582
188230629211632492
188230701085815684
188230626153853833
188230514192446348
188230629163103127
188230411134530471
2021071322543022
20200608160117683
18823040814150584
188230702082814907
188230509111604156
188230518034330555
188230629073843147
188230629160055758
188230627154719701
188230623103644631
188230626232038359
188230426111800279
188230521102300127
188230621082547172
188230603070501867
188230702134817774
188230506183226353
188230629135348723
188230630142800884
188230601150657523
188230616061932553
188230701101118474
2022021613515802
20211020101055522
18823051815580709
188230627090330679
20210405164512326
188230626142418002
18823063016272986
188230603155305564
188230608161010792
188230411153306728
188230627135353969
188230518080631921
188230620165239927
188230625202402423
188230618062746743
188230630095156346
18823062719231098
18823070112445564
18823062312154234
188230625153741951
188230622172935295
188230622093145256
188230625134310576
188230330092745905
188230626134357172
188230622141150392
188230627085448378
1882305060730051
188230613161112776
188230623160202445
20230307214718171
20220912100832476
188230602161321182
188230628140348639
188230628103615712
188230630150010085
2020110409495785
188230628222530812
188230702090843389
188230622234113279
188230626092709119
188230618090337541
188230506104419593
20230209165522196
188230331063923991
202111040845089
188230626152936741
188230330002044216
188230628204508478
20230211161814336
18823062614111571
20230224185947487
188230515134100831
18823062807180641
188230623072744801
188230509160723807
188230628093916516
188230627114612069
188230327110727017
188230419134412152
188230628085134713
2014121015371560319
188230630160627079
188230627071620488
188230624153236886
188230701065958809
20221109140944285
20221030101448097
188230702085010853
188230410064950696
188230702120039853
20211125094446511
188230626171844027
188230619071935936
188230630151124435
188230628221056478
188230628155618792
20230317093418476
188230416210425329
20220829113841156
188230623064258059
20221228083934763
188230524075505196
188230616143459885
20221212143908395
18823062909580863
188230621163419199
188230511102850634
20230307081451099
188230601140303468
188230620190832243
188230628142806649
188230418233030266
18823052113114745
20230320211555967
188230613115958914
2021012822095491
188230404095702664
188230629193938574
188230623132841618
188230608074143387
188230524110141112
18823070110054077
20221029120407229
188230624160544446
188230620093740739
188230325103818438
188230630143227594
188230623210305226
188230702160213718
188230612142847703
188230627210852055
20221212153247465
188230622194431729
188230630150436594
18823062021371634
20221201105123065
20220321111308026
188230616075302652
188230629073647363
188230626144057099
188230623101155094
18823062110533406
188230523112355627
188230418092554027
188230605173159735
188230630122616632
20230215143716665
188230621162010429
188230622222546765
188230426114258779
20230316060702569
20220525215938421
20220831063013243
188230518140041084
188230327212832643
188230630083131268
188230628102535056
20210310091143059
20201023174604693
18823060810594199
188230627110352795
188230608224221092
18823061707454375
188230630080313257
188230628141725613
188230504164128696
188230626095822783
188230702203140032
188230517161359297
188230516220327873
1882306251651011
188230628140021706
188230413141506002
188230630065338326
1882305271134166
188230423201150936
188230702210054107
188230502091945961
188230701105313771
188230626172532718
188230701080049652
188230624155334644
188230621102831609
188230702075115518
20160316111058945
18823062806525967
188230624091043876
188230630195755052
20180712140208186
18823062910302272
188230619142518854
188230702094547015
188230521101056074
188230611134412878
20230107110832211
188230629070338132
188230627154655325
20201203082623072
188230628135237729
2020011017205858
188230625092139117
188230623102859384
188230701073954939
20210308143511681
20211110151125133
188230627093936271
20220728115656853
18823062612113565
188230629105858725
188230628203526317
188230630162823344
188230624220936371
188230630153713847
188230630195656887
188230627091249338
188230613101115581
18823063006410942
188230629090556101
188230624103758035
188230516202109145
188230628064622811
18823062616275169
188230627124607203
188230629204326628
188230629151504613
20211119152232678
188230608105240813
188230702115354862
188230701150435569
188230611222034677
20211228113107197
18823060119582975
20190102101752088
188230627063920922
188230424135235869
20211022135523615
188230619110701349
188230626111617318
188230702174632242
20230201003014454
18823052111542586
188230325151824191
188230627064838466
188230628191205707
188230614111353164
188230627104029013
188230624214153559
20230128101259617
20230131092158819
188230613155641701
188230417085528438
188230622145149308
188230620114942341
188230630133954984
188230415213459881
188230502182844842
188230516183038377
188230627090659758
188230629143017924
188230701091518922
188230629093833176
188230518150035961
188230624110049794
20221212160457227
188230620070050325
188230701170424347
188230701161347611
188230630092831275
20200219171256876
18823061609052718
188230502184811055
20220326010518066
188230628141922867
188230609152637499
1882307011541566
20230305182906945
188230622094359117
188230629224708689
20221218073049689
188230627132734052
188230628212144741
188230629185747558
188230701074643563
188230627085646445
188230629102549616
188230518175857268
188230519055514241
18823033120324241
188230701134707352
188230623101516443
188230621064854172
188230630164855455
188230627202235061
188230618072840889
188230628135729856
2023020810402504
188230629095013071
20191115162122968
20230313045752538
188230624104151771
188230623182322413
188230702092024561
188230626135341826
188230701183007492
188230701082114831
201308120014551834
188230428145810202
188230609101224733
188230701103938349
188230702152448821
20230111222233914
188230515195214653
188230406111624003
188230628134812491
188230323092126541
20230215110032224
188230626140322656
188230701070744421
20150413112015718
188230615112153964
188230630105807731
20220430150138749
188230630205553534
188230426161937287
2021073110334346
188230701140900762
188230624183548832
2013122315285167016
188230626124626865
20230312152103863
20230222071036859
188230630152338368
188230614140713922
20230321214553031
188230506122312656
188230622172019669
20220106104306653
188230525095836645
201411191025400807
188230628065704949
188230613063728118
188230628151458807
18823062615391225
188230628123933699
188230630133529604
188230324172454918
188230629155240971
188230621170007052
188230331063106571
188230622114020375
188230616100338711
202211021159449
20220716115917851
188230628151000098
188230629153143847
18823060610284585
188230627091053619
188230418161204279
188230628164009015
188230516064123968
188230501110152263
188230702180236373
188230608142335075
20230313140354161
20230225173347445
188230406134758519
188230509121240185
188230626075409531
188230617112738939
188230702075640957
188230702193015938
188230614062726295
18823062309174424
188230618122026138
188230629102058661
188230628131339433
18823051414502582
188230509151616193
188230609112857799
188230630072155342
20230309165956306
188230605171326166
188230413081050342
188230625094958311
188230526220041452
188230602203856118
20210819181313279
188230411150228736
188230626190818564
20230313093725452
18823062512565523
188230323101531416
2022112522501403
188230331064450336
188230507112856878
18823062419275065
18823070208392513
188230620171435332
20220822202252615
188230329193823568
188230614145105246
20230317231504757
20220505170050431
20230206100405639
18823062407511434
188230630120258955
188230701160824203
188230418095144331
188230629144821136
188230702075018642
188230701095550362
188230701064453533
188230408224243103
20220922113719712
20230313133637033
20230318090911165
188230519104208343
188230429081632217
18823062722411997
188230630155845094
188230410112335337
188230629154946539
188230623185239531
188230623110659564
188230429125934581
188230625150238201
188230701072711165
18823050508303894
188230428081815075
188230629150522922
188230620102655533
188230626144124467
20190726175915578
20220411224522302
188230624160054869
188230626095136344
20221127094402648
188230630090636891
20220406085746267
188230628111351403
188230701093617277
20220604090613374
20190725143625343
188230625120943744
188230628143726215
188230630122421898
188230628064951952
188230616171839127
188230627081256612
188230504155152043
188230504065728173
188230414205255354
188230429205626555
188230629205638845
188230627150429885
188230403074522814
188230701103611584
188230629195448002
188230628074946247
188230625131953864
188230620201451215
18823062919544531
18823062214541017
18823070209572571
20220918110846688
188230402232155876
188230616211324646
18823070110383849
188230615065657075
188230702074429183
188230607064858369
20170226100731654
20220904151645969
188230627132145437
188230427154349856
188230618171440931
188230630105644844
188230616155946797
188230512142941999
188230419162857302
20220419133439833
188230625190936416
20220429202849659
20230304122208125
188230622164123528
188230621101457292
188230323101859729
20171009161920422
188230627193847723
20220730085048258
188230401084915655
20230306211921869
188230626134654928
188230626222047195
188230623212044271
188230406210355189